0.986644208 -0.162272289 0.014175766 2.059124470 0.162537560 0.975048482 -0.151201859 -1.111704469 0.010713809 0.151486531 0.988401234 12.619186401
0.986635506 -0.162384242 0.013481396 2.056725264 0.162537903 0.974979103 -0.151648313 -1.112440825 0.011481217 0.151812851 0.988342583 12.613892555
0.986632645 -0.162430808 0.013123822 2.057227373 0.162524894 0.974919319 -0.152045801 -1.110742331 0.011902253 0.152146295 0.988286316 12.612993240
0.986593783 -0.162617818 0.013715010 2.057412386 0.162807956 0.974985480 -0.151317209 -1.111922026 0.011234937 0.151521534 0.988390088 12.616146088
0.986605525 -0.162538946 0.013805818 2.058517694 0.162745535 0.975020170 -0.151160598 -1.112195492 0.011108531 0.151382715 0.988412797 12.616546631
0.986583292 -0.162697390 0.013527702 2.058945656 0.162861809 0.975024462 -0.151007563 -1.112876415 0.011378692 0.151184678 0.988440037 12.616377831
0.986614287 -0.162523046 0.013359352 2.057995319 0.162659213 0.974994302 -0.151420206 -1.111822724 0.011583981 0.151566356 0.988379180 12.615678787
0.986534417 -0.163023531 0.013158315 2.059228897 0.163129777 0.974999130 -0.150881857 -1.113384247 0.011767945 0.150996655 0.988464236 12.616509438
0.986610651 -0.162527710 0.013570166 2.058110476 0.162696272 0.974994600 -0.151378587 -1.111310720 0.011372375 0.151559547 0.988382697 12.617075920
0.986551881 -0.162880450 0.013613182 2.059067488 0.163052142 0.974945486 -0.151311964 -1.111764908 0.011373651 0.151496768 0.988392293 12.618276596
0.986626506 -0.162416324 0.013749493 2.059218168 0.162612930 0.975002646 -0.151416406 -1.111526489 0.011186702 0.151627287 0.988374412 12.617178917
0.986648798 -0.162306532 0.013442060 2.057881832 0.162457421 0.975023031 -0.151452035 -1.111506701 0.011475334 0.151613742 0.988373220 12.615838051
0.986620843 -0.162471771 0.013498172 2.057753801 0.162628025 0.974978626 -0.151554629 -1.112046599 0.011462919 0.151722148 0.988356709 12.614900589
0.986551166 -0.162859097 0.013919409 2.057019949 0.163084343 0.975036025 -0.150692597 -1.113469958 0.010969734 0.150935993 0.988482654 12.615729332
0.986606300 -0.162525937 0.013904010 2.057492256 0.162746713 0.975008547 -0.151234388 -1.112197518 0.011022982 0.151471645 0.988400161 12.615153313
0.986625195 -0.162427410 0.013712144 2.057295799 0.162619516 0.975019217 -0.151302546 -1.112155795 0.011206077 0.151508778 0.988392413 12.614553452
0.986585855 -0.162667334 0.013698741 2.057680607 0.162854850 0.974983275 -0.151280776 -1.112413287 0.011252395 0.151482388 0.988395929 12.614362717
0.986603975 -0.162568897 0.013562320 2.057858706 0.162737787 0.975014865 -0.151203364 -1.112291813 0.011357501 0.151384950 0.988409638 12.614554405
0.986621141 -0.162451848 0.013715343 2.057546854 0.162644103 0.975014150 -0.151308656 -1.111979842 0.011207717 0.151515037 0.988391399 12.614471436
0.986604273 -0.162569955 0.013527775 2.057748318 0.162727162 0.974929869 -0.151761591 -1.111321211 0.011483241 0.151929975 0.988324523 12.614806175
0.986574888 -0.162751585 0.013488747 2.057988405 0.162898332 0.974869907 -0.151963323 -1.111442089 0.011582494 0.152120501 0.988294065 12.615074158
0.986598134 -0.162574559 0.013915751 2.058350086 0.162791729 0.974933922 -0.151666537 -1.111579418 0.011090180 0.151899293 0.988333762 12.615577698
0.986636698 -0.162374228 0.013513216 2.058067083 0.162532985 0.974982023 -0.151634872 -1.111042380 0.011446451 0.151804864 0.988344193 12.613956451
1.000000000 0.000000000 0.000000000 0.000000238 0.000000000 1.000000000 0.000000000 -0.000001907 0.000000000 0.000000000 1.000000000 -0.000002861
0.999983668 -0.005622452 0.001046043 0.009672735 0.005625629 0.999979496 -0.003058959 0.005955447 -0.001028822 0.003064794 0.999994755 -0.051903635
0.999972165 -0.007207694 0.001936794 0.012611288 0.007213355 0.999969661 -0.002932028 0.002005993 -0.001915602 0.002945918 0.999993801 -0.073707499
0.999945581 -0.010417522 0.000527904 0.010917426 0.010421171 0.999917865 -0.007457823 0.003533038 -0.000450168 0.007462918 0.999972045 -0.110256657
0.999943793 -0.010554544 -0.000978200 0.010248467 0.010545670 0.999906778 -0.008671608 0.004886356 0.001069634 0.008660804 0.999961913 -0.125248015
0.999912739 -0.013167373 -0.001084782 0.017357817 0.013158238 0.999881148 -0.008036862 0.000451480 0.001190478 0.008021886 0.999967098 -0.135992005
0.999916852 -0.012877200 -0.000713251 0.011246484 0.012868986 0.999861836 -0.010523478 0.005290977 0.000848665 0.010513423 0.999944389 -0.150532708
0.999910653 -0.013262116 -0.001683269 0.014345254 0.013243663 0.999856770 -0.010537441 0.003300551 0.001822777 0.010514206 0.999943078 -0.156875595
0.999900520 -0.014054475 -0.001183640 0.012438586 0.014040649 0.999841154 -0.010975995 0.006039810 0.001337714 0.010958285 0.999939084 -0.170868844
0.999898851 -0.014162716 -0.001283561 0.014357120 0.014148291 0.999843478 -0.010625319 0.003814156 0.001433843 0.010606083 0.999942720 -0.173769951
0.999887347 -0.014982583 -0.000880337 0.012642010 0.014971118 0.999817848 -0.011838377 0.006834555 0.001057546 0.011823864 0.999929547 -0.180046842
0.999886692 -0.014977664 -0.001507622 0.014112761 0.014959758 0.999824703 -0.011259541 0.004934136 0.001675999 0.011235712 0.999935448 -0.182970956
0.999894202 -0.014526868 -0.000779711 0.013609821 0.014516888 0.999827802 -0.011560387 0.006966303 0.000947513 0.011547844 0.999932885 -0.185660854
0.999889314 -0.014849151 -0.000928970 0.013531699 0.014837200 0.999820709 -0.011766582 0.007146951 0.001103527 0.011751496 0.999930322 -0.187966406
0.999887824 -0.014953111 -0.000828197 0.012373975 0.014941986 0.999814928 -0.012116605 0.008002829 0.001009225 0.012102872 0.999926269 -0.189921632
0.999875247 -0.015784277 -0.000538978 0.014121026 0.015776588 0.999802113 -0.012119067 0.007861767 0.000730162 0.012109051 0.999926388 -0.192032903
0.999869347 -0.016132891 -0.001013176 0.012951355 0.016119279 0.999795020 -0.012250473 0.007914177 0.001210604 0.012232541 0.999924421 -0.198497102
0.999853790 -0.017094623 -0.000431204 0.013988654 0.017087940 0.999776602 -0.012438427 0.008942032 0.000643737 0.012429240 0.999922574 -0.203608692
0.999838471 -0.017941561 -0.001038898 0.014373102 0.017927002 0.999759316 -0.012644120 0.008774517 0.001265503 0.012623454 0.999919534 -0.210476652
0.999831736 -0.018333314 -0.000657742 0.015830364 0.018322548 0.999737680 -0.013744577 0.008568454 0.000909553 0.013730212 0.999905348 -0.219744042
0.999782085 -0.020838039 0.001249228 0.018589595 0.020852303 0.999701083 -0.012766474 0.007681013 -0.000982826 0.012789742 0.999917746 -0.227481872
0.999800205 -0.019914886 -0.001718232 0.013491034 0.019890783 0.999716878 -0.013059575 0.008920560 0.001977826 0.013022790 0.999913216 -0.232493326
0.999791741 -0.020399315 -0.000549706 0.019084809 0.020389898 0.999698579 -0.013672928 0.012229038 0.000828458 0.013658873 0.999906361 -0.235601187
0.999784172 -0.020773036 0.000314220 0.019276191 0.020775361 0.999701262 -0.012873039 0.011142195 -0.000046714 0.012876788 0.999917090 -0.237729982
0.999791324 -0.020316724 -0.002141742 0.017872248 0.020287272 0.999709964 -0.012977420 0.011416725 0.002404779 0.012931262 0.999913514 -0.238386467
0.999782085 -0.020869562 -0.000532764 0.017578140 0.020861464 0.999707162 -0.012261467 0.010868115 0.000788500 0.012247680 0.999924660 -0.239489987
0.999779642 -0.020980749 -0.000669171 0.016763585 0.020970892 0.999703825 -0.012350735 0.011351317 0.000928100 0.012333981 0.999923527 -0.237756073
0.999791265 -0.020429375 -0.000339477 0.018085567 0.020423213 0.999706388 -0.013038890 0.012494325 0.000605754 0.013029234 0.999914944 -0.237775519
0.999820352 -0.018750517 -0.002768377 0.014392279 0.018715868 0.999752223 -0.012052598 0.014604436 0.002993684 0.011998621 0.999923527 -0.233430356
0.999809682 -0.019507237 0.000277778 0.014875437 0.019509066 0.999756098 -0.010349602 0.010226237 -0.000075818 0.010353052 0.999946415 -0.226810560
0.999832809 -0.018284094 -0.000121822 0.017933516 0.018281762 0.999776304 -0.010638302 0.010922845 0.000316307 0.010634298 0.999943376 -0.217537433
0.999853313 -0.017117966 0.000613754 0.016533148 0.017123997 0.999784410 -0.011744611 0.010330722 -0.000412578 0.011753397 0.999930859 -0.201933891
0.999873757 -0.015875831 0.000684942 0.016764432 0.015882604 0.999809027 -0.011389125 0.008789873 -0.000503999 0.011398565 0.999934912 -0.192891806
0.999896049 -0.014416497 0.000325263 0.013893413 0.014419192 0.999836206 -0.010937922 0.008816840 -0.000167524 0.010941474 0.999940097 -0.182288021
0.999914885 -0.012799732 0.002536946 0.012601191 0.012824930 0.999865949 -0.010177954 0.011099556 -0.002406330 0.010209623 0.999944985 -0.163502216
0.999942183 -0.010508453 0.002282019 0.010575067 0.010526360 0.999912739 -0.007982624 0.009856599 -0.002197935 0.008006184 0.999965549 -0.133326024
0.999966621 -0.007438143 0.003373603 0.010452555 0.007451403 0.999964476 -0.003935126 0.012313723 -0.003344213 0.003960133 0.999986589 -0.085420758
0.999975085 -0.003317633 0.006226222 0.009357546 0.003309698 0.999993682 0.001284421 -0.004420185 -0.006230444 -0.001263782 0.999979794 0.042057160
0.999956489 -0.009147158 -0.001819408 0.011255772 0.009149116 0.999957561 0.001071006 -0.010772223 0.001809535 -0.001087605 0.999997795 0.106763989
0.999727607 -0.023331232 0.000555434 0.048534732 0.023329183 0.999721885 0.003445314 -0.012267749 -0.000635663 -0.003431418 0.999993920 0.181159541
0.999557018 -0.026052700 0.014389237 0.071404003 0.025850227 0.999566615 0.014082315 -0.016239839 -0.014749885 -0.013704113 0.999797285 0.248497128
0.999861896 -0.008267783 0.014418025 0.049271956 0.008109758 0.999906778 0.010984427 -0.021738738 -0.014507497 -0.010865984 0.999835730 0.299483776
0.999941826 0.003578279 0.010177115 0.031027729 -0.003679492 0.999943793 0.009943860 -0.029666957 -0.010140961 -0.009980727 0.999898791 0.350684732
0.999902844 -0.001023595 0.013903520 0.050850350 0.001019236 0.999999404 0.000320555 -0.043434110 -0.013903840 -0.000306352 0.999903262 0.406725019
0.999851584 -0.009932830 0.014074929 0.075026833 0.009989741 0.999942183 -0.003978950 -0.049586538 -0.014034593 0.004118964 0.999893010 0.483170062
0.999695957 -0.017020272 0.017841751 0.094898388 0.017031731 0.999854803 -0.000490394 -0.061075818 -0.017830813 0.000794120 0.999840677 0.595082819
0.999622107 -0.013228640 0.024096990 0.094109423 0.013369499 0.999894440 -0.005693828 -0.065279670 -0.024019124 0.006013841 0.999693394 0.674506247
0.999768436 -0.011479868 0.018202124 0.102010019 0.011419363 0.999928951 0.003424493 -0.080356039 -0.018240144 -0.003215843 0.999828458 0.762043595
0.999675512 -0.015655080 0.020094674 0.109570578 0.015530188 0.999859214 0.006356266 -0.084722683 -0.020191353 -0.006042129 0.999777853 0.823274553
0.999774456 -0.016019931 0.013942797 0.109679893 0.015994376 0.999870181 0.001942423 -0.089725308 -0.013972104 -0.001718979 0.999900937 0.883845985
0.999618948 -0.021775123 0.016964700 0.133721828 0.021624088 0.999725342 0.009036015 -0.081476212 -0.017156802 -0.008665725 0.999815285 0.959521174
0.999420166 -0.027530828 0.020033263 0.145046011 0.027238002 0.999520183 0.014746056 -0.089128435 -0.020429622 -0.014191841 0.999690592 1.034294248
0.999398947 -0.022502465 0.026370225 0.151431143 0.021855811 0.999459445 0.024558978 -0.094466895 -0.026908608 -0.023967875 0.999350548 1.109039307
0.999309480 -0.014152286 0.034355767 0.145318627 0.013370194 0.999648631 0.022888489 -0.110436104 -0.034667619 -0.022413339 0.999147534 1.205995202
0.999297857 -0.011888809 0.035531264 0.155731410 0.011162088 0.999725878 0.020581823 -0.115383871 -0.035766218 -0.020170767 0.999156594 1.270816565
0.999337554 -0.007800348 0.035546727 0.163568214 0.007149787 0.999805272 0.018392084 -0.119669676 -0.035683274 -0.018125748 0.999198735 1.357814789
0.999083579 -0.004541436 0.042560175 0.172146380 0.003690358 0.999792099 0.020054329 -0.125760660 -0.042642400 -0.019878890 0.998892605 1.441750050
0.999084473 -0.004515173 0.042542480 0.182047009 0.004055643 0.999932587 0.010881800 -0.132251486 -0.042588748 -0.010699300 0.999035418 1.522301555
0.999219596 -0.011581835 0.037763480 0.203878015 0.010630506 0.999623477 0.025295978 -0.133429766 -0.038042236 -0.024874793 0.998966455 1.622488141
0.999117136 -0.014609125 0.039389268 0.219630763 0.013785600 0.999682367 0.021098539 -0.140867755 -0.039684989 -0.020536907 0.999001145 1.711530805
0.998854399 -0.022160361 0.042412672 0.244764492 0.021913132 0.999740124 0.006285231 -0.176778764 -0.042540934 -0.005348636 0.999080420 1.802781940
0.998584867 -0.020254008 0.049173236 0.248443171 0.020058557 0.999788821 0.004464990 -0.185306042 -0.049253285 -0.003472327 0.998780310 1.901039839
0.998936534 -0.020899648 0.041097701 0.251394242 0.020538365 0.999746799 0.009193546 -0.196208537 -0.041279435 -0.008339689 0.999112844 2.000049829
0.998774350 -0.023230553 0.043705530 0.283058405 0.023328688 0.999726355 -0.001736583 -0.215056777 -0.043653227 0.002754047 0.999042928 2.091590643
0.998336494 -0.020883003 0.053741690 0.298815519 0.020736234 0.999779582 0.003287208 -0.221080139 -0.053798493 -0.002167339 0.998549461 2.180325747
0.998506427 -0.017212559 0.051852468 0.305512905 0.017518289 0.999831676 -0.005447417 -0.242971912 -0.051749978 0.006347647 0.998639882 2.252387285
0.998278975 -0.012735961 0.057243787 0.317967683 0.012993198 0.999907076 -0.004123763 -0.261027783 -0.057185948 0.004860446 0.998351693 2.335161448
0.997932374 -0.011525210 0.063230887 0.326827675 0.012371946 0.999838769 -0.013016021 -0.275092423 -0.063070685 0.013771398 0.997914016 2.422513723
0.998380601 -0.010963984 0.055820640 0.330792934 0.011998856 0.999761701 -0.018237961 -0.293853641 -0.055607375 0.018878212 0.998274207 2.521498442
0.998271942 -0.013501965 0.057190780 0.350366831 0.014927094 0.999586761 -0.024565378 -0.304984212 -0.056835469 0.025376620 0.998061001 2.618464231
0.998718143 -0.009445570 0.049728375 0.342971772 0.010809438 0.999570787 -0.027229222 -0.320690751 -0.049449835 0.027731853 0.998391509 2.728249311
0.998834431 -0.012388133 0.046650838 0.345630318 0.013386576 0.999686658 -0.021151213 -0.325384825 -0.046374198 0.021751055 0.998687327 2.839695215
0.998659968 -0.011440500 0.050472010 0.351681888 0.012600479 0.999662340 -0.022724591 -0.334098697 -0.050194990 0.023330111 0.998466909 2.955398560
0.998842180 -0.002050402 0.048063599 0.361181915 0.003478920 0.999554098 -0.029656615 -0.357088953 -0.047981359 0.029789489 0.998403907 3.055250168
0.998932362 -0.005820338 0.045828424 0.368256748 0.007313001 0.999445915 -0.032470699 -0.378963351 -0.045614041 0.032771174 0.998421431 3.175579548
0.998836517 -0.008884334 0.047399193 0.392375261 0.009915517 0.999718308 -0.021564677 -0.389840633 -0.047194250 0.022009574 0.998643219 3.300656557
0.998645663 -0.016871143 0.049215976 0.417546302 0.018726632 0.999121666 -0.037486739 -0.413085341 -0.048540305 0.038357623 0.998084426 3.398474693
0.998490691 -0.021394357 0.050582666 0.437426716 0.022635501 0.999453425 -0.024092687 -0.429204404 -0.050039571 0.025201289 0.998429239 3.506021500
0.998188555 -0.017871013 0.057447277 0.449204028 0.019532232 0.999403298 -0.028487034 -0.443507135 -0.056903906 0.029557504 0.997942030 3.620947123
0.998390913 -0.006966541 0.056276090 0.453191072 0.008158533 0.999746621 -0.020979231 -0.444989324 -0.056115679 0.021404603 0.998194814 3.748225451
0.998131573 -0.018213578 0.058323205 0.471184105 0.018713254 0.999792635 -0.008032672 -0.451973855 -0.058164805 0.009109082 0.998265445 3.871684790
0.998415649 -0.012014882 0.054971144 0.473440766 0.012801099 0.999820411 -0.013972674 -0.469329119 -0.054793395 0.014654227 0.998390198 3.976374388
0.998478234 -0.014740296 0.053141288 0.497709423 0.016074359 0.999564052 -0.024764696 -0.517348230 -0.052753083 0.025581220 0.998279870 4.097693920
0.997691810 -0.002681490 0.067852072 0.514074683 0.003957544 0.999817729 -0.018678991 -0.512254477 -0.067789622 0.018904405 0.997520506 4.204078674
0.998112023 -0.011183360 0.060392782 0.534639060 0.012884426 0.999529064 -0.027851135 -0.543361902 -0.060052872 0.028576680 0.997786045 4.375391483
0.997402251 -0.032350481 0.064359553 0.575647414 0.032032922 0.999469042 0.005960222 -0.519501746 -0.064518191 -0.003883115 0.997908950 4.519552708
0.997418046 -0.011906652 0.070820175 0.574638903 0.012789829 0.999845862 -0.012030321 -0.542136133 -0.070666023 0.012905038 0.997416556 4.628740788
0.998129010 -0.015947435 0.059026815 0.568679690 0.016553216 0.999815047 -0.009788053 -0.563029826 -0.058859803 0.010746824 0.998208404 4.744612694
0.998570561 -0.028153559 0.045433894 0.580220103 0.028183280 0.999602795 -0.000013584 -0.561005592 -0.045415461 0.001294041 0.998967350 4.866276741
0.998612523 -0.033696502 0.040467247 0.593097150 0.033821382 0.999424994 -0.002405023 -0.578083992 -0.040362939 0.003770345 0.999177992 4.998160362
0.999136865 -0.032622762 0.025715251 0.578895628 0.032431036 0.999443233 0.007837994 -0.601303577 -0.025956631 -0.006997257 0.999638557 5.130972385
0.999760628 -0.018371042 0.011882300 0.550042391 0.018540643 0.999725521 -0.014324200 -0.614521503 -0.011615887 0.014541077 0.999826789 5.245718479
0.999860048 -0.015895404 0.005216765 0.525444150 0.015825100 0.999786973 0.013252013 -0.602816641 -0.005426300 -0.013167602 0.999898553 5.408754826
0.999989212 0.004598216 -0.000635911 0.511360705 -0.004585687 0.999818861 0.018470552 -0.592267394 0.000720728 -0.018467437 0.999829173 5.564729691
0.999897361 0.008311626 -0.011671248 0.506590843 -0.008084396 0.999779463 0.019383211 -0.621294558 0.011829779 -0.019286867 0.999743998 5.708779812
0.999727964 -0.010876053 -0.020633196 0.508534729 0.011564001 0.999371111 0.033520777 -0.616681755 0.020255646 -0.033750262 0.999225020 5.843438625
0.999718130 -0.005929841 -0.022989994 0.515949726 0.006467960 0.999705195 0.023403408 -0.630507231 0.022844439 -0.023545509 0.999461710 5.950296402
0.999808967 -0.001061371 -0.019516852 0.526152313 0.001677452 0.999499917 0.031577393 -0.671326876 0.019473575 -0.031604096 0.999310732 6.133059978
0.999842823 -0.002148447 -0.017598875 0.525918901 0.002538829 0.999750555 0.022190031 -0.716588378 0.017546810 -0.022231225 0.999598861 6.262032986
0.999388933 -0.024510376 -0.024919569 0.558024049 0.024999607 0.999496996 0.019514166 -0.739474058 0.024428736 -0.020125221 0.999498963 6.396032333
0.999763489 -0.009151969 -0.019728543 0.576487541 0.009564497 0.999735415 0.020918287 -0.753668785 0.019531881 -0.021102034 0.999586523 6.535421848
0.999483764 -0.019361446 -0.025639417 0.567623436 0.019517185 0.999792457 0.005837953 -0.771324515 0.025521064 -0.006335348 0.999654233 6.656448841
0.999546468 -0.016500292 -0.025190519 0.577560842 0.016153431 0.999772727 -0.013911431 -0.782403648 0.025414338 0.013498208 0.999585867 6.709053040
0.999845207 -0.007841749 -0.015750730 0.584672689 0.007546918 0.999796808 -0.018691570 -0.803152144 0.015894106 0.018569808 0.999701202 6.848390579
0.999852002 -0.000848649 -0.017183537 0.578680933 0.000486857 0.999778330 -0.021047793 -0.824149132 0.017197588 0.021036312 0.999630809 6.996307850
0.999781013 -0.011773417 -0.017300267 0.588100612 0.011908948 0.999899030 0.007752045 -0.821614146 0.017207254 -0.007956375 0.999820292 7.163140774
0.999884844 0.005161390 -0.014269006 0.598335385 -0.005611668 0.999481738 -0.031698596 -0.835861683 0.014098002 0.031775016 0.999395609 7.224753857
0.999862194 0.010503524 -0.012853509 0.608282566 -0.011044086 0.999025464 -0.042733531 -0.870647609 0.012392130 0.042869601 0.999003828 7.362448692
0.999925017 0.010481228 -0.006331519 0.606665969 -0.010618943 0.999698818 -0.022123573 -0.872715473 0.006097730 0.022189150 0.999735177 7.528823376
0.999963284 0.006017474 -0.006098282 0.620547354 -0.006100240 0.999888301 -0.013645480 -0.915680349 0.006015489 0.013682180 0.999888301 7.736299038
0.999909639 -0.013145603 -0.002813855 0.650259912 0.013166394 0.999885201 0.007502489 -0.930008948 0.002714908 -0.007538859 0.999967873 7.942463398
0.999953926 -0.009072421 0.003134873 0.659545898 0.009122411 0.999825239 -0.016318291 -0.968109190 -0.002986279 0.016346138 0.999861956 8.068144798
0.999961734 -0.004707697 0.007370268 0.671203375 0.004813291 0.999885082 -0.014375497 -0.987769008 -0.007301745 0.014410421 0.999869525 8.206816673
0.999835968 -0.012857031 0.012758965 0.690636218 0.012787590 0.999903083 0.005509239 -0.993376076 -0.012828561 -0.005345179 0.999903440 8.363763809
0.999878645 0.001576058 0.015500485 0.694241583 -0.001268900 0.999803066 -0.019805908 -1.015881896 -0.015528646 0.019783836 0.999683678 8.492829323
0.999838829 -0.009374605 0.015311492 0.716830611 0.009581306 0.999863207 -0.013482646 -0.999047697 -0.015183003 0.013627176 0.999791861 8.643692970
0.999618649 -0.018228231 0.020742880 0.763740420 0.017819697 0.999646902 0.019712506 -1.007643580 -0.021094879 -0.019335357 0.999590516 8.886168480
0.999423206 -0.015162416 0.030386016 0.762333870 0.014627483 0.999735475 0.017750220 -1.041050553 -0.030647114 -0.017295511 0.999380589 9.036550522
0.999245703 -0.036450259 0.013396309 0.778017759 0.036242053 0.999223292 0.015469661 -1.065224528 -0.013949777 -0.014972482 0.999790609 9.194293976
0.999574125 -0.022802601 0.018211139 0.819110751 0.022959208 0.999700785 -0.008437325 -1.094640493 -0.018013297 0.008851846 0.999798536 9.343017578
0.998965442 -0.036283061 0.027415469 0.857364118 0.035154775 0.998557925 0.040573299 -1.096418023 -0.028848059 -0.039567538 0.998800397 9.524518967
0.999157667 -0.021373624 0.035029639 0.853964090 0.019974986 0.999007881 0.039802268 -1.117185593 -0.035845604 -0.039069027 0.998593390 9.687150955
0.999100387 0.005376440 0.042065442 0.854573309 -0.005963004 0.999886572 0.013831045 -1.109407544 -0.041986309 -0.014069440 0.999019146 9.829092979
0.999055862 0.004895576 0.043167219 0.877388358 -0.005943656 0.999689817 0.024184717 -1.174586177 -0.043035433 -0.024418453 0.998775125 9.980961800
0.998674214 -0.006657611 0.051043831 0.909186363 0.007196906 0.999920130 -0.010388829 -1.233301997 -0.050970592 0.010742413 0.998642385 10.100039482
0.998536766 0.002349841 0.054026291 0.930375218 -0.002219263 0.999994457 -0.002476806 -1.221788526 -0.054031812 0.002353283 0.998536468 10.296639442
0.998042643 0.006460504 0.062202875 0.948877335 -0.005861234 0.999934673 -0.009811779 -1.213007569 -0.062262204 0.009427988 0.998015285 10.431893349
0.998205900 0.000307389 0.059874006 0.948590279 0.000818887 0.999823213 -0.018785320 -1.146058679 -0.059869193 0.018800646 0.998029172 10.587981224
0.999208510 -0.022661813 0.032692563 0.969664812 0.022913065 0.999710560 -0.007331157 -1.257894993 -0.032516960 0.008074441 0.999438584 10.709358215
0.999460936 -0.011742348 0.030658875 0.981747150 0.012281787 0.999772012 -0.017466214 -1.280364633 -0.030446790 0.017833345 0.999377310 10.880483627
0.999028563 -0.005480612 0.043724693 0.974334717 0.006006634 0.999911070 -0.011908025 -1.302740216 -0.043655545 0.012159094 0.998972654 11.026848793
0.999277949 0.006453533 0.037442971 0.963661373 -0.006801109 0.999934912 0.009162886 -1.289010644 -0.037381399 -0.009410923 0.999256730 11.184391975
0.999239266 -0.002090272 0.038942561 0.988955081 0.002087606 0.999997795 0.000109141 -1.298754692 -0.038942702 -0.000027761 0.999241471 11.413174629
0.998755991 0.015546964 0.047379375 0.995132565 -0.015121785 0.999842227 -0.009319196 -1.338284016 -0.047516786 0.008591142 0.998833477 11.545501709
0.998839796 0.012143577 0.046600372 0.995461702 -0.012497650 0.999895155 0.007314244 -1.354996204 -0.046506666 -0.007888153 0.998886824 11.623358727
0.999182105 0.009788758 0.039234389 1.016653419 -0.009700867 0.999949992 -0.002429915 -1.349406004 -0.039256211 0.002047320 0.999227107 11.801563263
0.999100029 -0.010689075 0.041047845 1.070152521 0.010593588 0.999940634 0.002543034 -1.371290207 -0.041072588 -0.002105902 0.999153972 11.911707878
0.999119818 -0.007051002 0.041350704 1.094913483 0.006658466 0.999931514 0.009622917 -1.391345501 -0.041415725 -0.009339115 0.999098361 12.128767014
0.998648047 -0.028860040 0.043233357 1.129612088 0.027895328 0.999351859 0.022753701 -1.374328017 -0.043862008 -0.021516930 0.998805881 12.193300247
0.999216318 -0.011848565 0.037767544 1.124660969 0.011668624 0.999919534 0.004981298 -1.396387339 -0.037823528 -0.004536698 0.999274135 12.330862045
0.999471605 -0.004825841 0.032143328 1.128092170 0.004892656 0.999986053 -0.002000323 -1.386485338 -0.032133225 0.002156532 0.999481261 12.434945107
0.999450266 -0.018718034 0.027363427 1.118112206 0.018855885 0.999810755 -0.004788490 -1.413182139 -0.027268618 0.005301819 0.999614060 12.583683014
0.999645591 -0.024971418 0.009227959 1.104061246 0.025133450 0.999524176 -0.017881071 -1.441668153 -0.008777052 0.018106664 0.999797523 12.722485542
0.999796152 -0.019876234 -0.003552392 1.104152083 0.019862261 0.999795020 -0.003926304 -1.443922400 0.003629704 0.003854945 0.999985993 12.891830444
0.999832332 -0.017023560 -0.006742873 1.072400689 0.017253462 0.999215484 0.035647508 -1.439278841 0.006130736 -0.035757866 0.999341667 12.967096329
0.999411345 -0.014392235 -0.031143006 1.049427390 0.014884717 0.999766886 0.015639942 -1.461357117 0.030910652 -0.016094290 0.999392569 13.155018806
0.998957515 -0.014657850 -0.043231826 1.050994873 0.015452252 0.999716818 0.018098822 -1.469277501 0.042954292 -0.018747984 0.998901129 13.328711510
0.997858703 -0.020594005 -0.062080134 1.036580443 0.022391289 0.999345958 0.028395692 -1.521658301 0.061454747 -0.029724943 0.997667134 13.543264389
0.997547328 -0.005209048 -0.069800980 1.011218786 0.006967160 0.999663949 0.024967775 -1.546054959 0.069647469 -0.025392853 0.997248411 13.717027664
0.996906579 0.002897003 -0.078542180 0.991709113 0.000582425 0.999020696 0.044241071 -1.545131445 0.078593425 -0.044149958 0.995928645 13.893561363
0.997283280 -0.015365906 -0.072041422 1.011687636 0.016189922 0.999809861 0.010868089 -1.572158337 0.071860731 -0.012004908 0.997342408 14.038399696
0.997552693 -0.021338766 -0.066582665 1.035800099 0.022701634 0.999546587 0.019779686 -1.576276660 0.066130400 -0.021242816 0.997584820 14.239320755
0.998738229 -0.009532266 -0.049306188 1.036091328 0.010350944 0.999812365 0.016375329 -1.596055150 0.049140844 -0.016865034 0.998649478 14.472184181
0.999253094 0.013389258 -0.036248844 1.047492743 -0.012581885 0.999669671 0.022410329 -1.654939890 0.036536928 -0.021937512 0.999091506 14.635177612
0.999635220 0.013317211 -0.023496438 1.082157493 -0.013411947 0.999902546 -0.003878935 -1.688365459 0.023442492 0.004192653 0.999716401 14.785877228
0.999926031 -0.001052112 -0.012117748 1.109704375 0.000922261 0.999942124 -0.010716315 -1.725091219 0.012128322 0.010704346 0.999869168 14.938714027
0.999914169 -0.011834225 -0.005619000 1.152746797 0.011738177 0.999789476 -0.016829345 -1.729237556 0.005816979 0.016761944 0.999842584 15.069496155
0.999887586 -0.006600673 0.013464850 1.164662600 0.006906950 0.999715567 -0.022828156 -1.707064867 -0.013310338 0.022918591 0.999648750 15.211075783
0.999838889 -0.001595663 0.017879387 1.177284598 0.002216559 0.999393165 -0.034761086 -1.748227119 -0.017813070 0.034795113 0.999235690 15.340036392
0.998396754 0.042236887 0.037682910 1.094208121 -0.042840593 0.998963833 0.015359400 -1.676448226 -0.036995132 -0.016949134 0.999171674 15.492748260
0.999914944 0.005646825 0.011754978 1.173948646 -0.005451660 0.999847889 -0.016569158 -1.729752898 -0.011846753 0.016503664 0.999793649 15.496829033
0.999767959 -0.008195534 0.019921640 1.224246621 0.008866532 0.999388278 -0.033830225 -1.752011538 -0.019632196 0.033999011 0.999229014 15.601359367
0.999553323 -0.009520553 0.028329557 1.257428765 0.010087535 0.999750316 -0.019938640 -1.754530072 -0.028132657 0.020215508 0.999399781 15.801799774
0.999283016 0.002255893 0.037793834 1.205714703 -0.000586793 0.999026239 -0.044116307 -1.657596946 -0.037856553 0.044062499 0.998311281 15.744532585
0.998771548 0.002162890 0.049504790 1.251442909 -0.000774426 0.999606252 -0.028049087 -1.660673857 -0.049545962 0.027976291 0.998379946 15.785236359
0.998019278 0.021529548 0.059109855 1.207766652 -0.020447657 0.999613285 -0.018847380 -1.573804736 -0.059492771 0.017601389 0.998073518 15.809486389
0.998003364 0.023773052 0.058515992 1.210864902 -0.023364071 0.999697626 -0.007663568 -1.570782781 -0.058680486 0.006281096 0.998257041 15.910015106
0.998529673 -0.003526368 0.054092720 1.196132541 0.003085034 0.999961317 0.008240186 -1.385769486 -0.054119684 -0.008061193 0.998501897 15.611687660
0.998109818 -0.018146353 0.058715452 1.240239978 0.016039619 0.999217451 0.036154922 -1.389917612 -0.059325587 -0.035144810 0.997619808 15.737103462
0.997571468 -0.016792934 0.067595869 1.267913938 0.015429388 0.999667823 0.020643868 -1.420394421 -0.067920089 -0.019550771 0.997499168 15.886363029
0.997201562 -0.014247860 0.073389873 1.243539810 0.013397091 0.999837399 0.012071730 -1.248169065 -0.073549941 -0.011054737 0.997230291 15.449080467
0.996302009 -0.011909039 0.085090823 1.276118517 0.009946951 0.999675632 0.023445634 -1.248839617 -0.085342444 -0.022512538 0.996097326 15.572407722
0.995683551 -0.009640132 0.092311375 1.295075655 0.007462692 0.999686420 0.023904199 -1.240357041 -0.092512868 -0.023112124 0.995443225 15.730838776
0.995533764 -0.023707699 0.091380663 1.326509356 0.023279049 0.999712467 0.005753980 -1.051066399 -0.091490798 -0.003601027 0.995799422 15.158645630
0.994101644 -0.006500101 0.108257607 1.328511596 0.007556403 0.999927759 -0.009349925 -0.924950123 -0.108189002 0.010112815 0.994078934 15.217317581
0.992691994 0.003220930 0.120632753 1.345666766 -0.004560205 0.999930978 0.010827669 -0.864991188 -0.120589554 -0.011298650 0.992638171 14.778284073
0.992241025 0.024409518 0.121909603 1.362847328 -0.025354739 0.999659240 0.006207986 -0.779623091 -0.121716529 -0.009250804 0.992521763 14.498367310
0.992511272 0.031688590 0.117971279 1.381332040 -0.032828804 0.999431074 0.007734063 -0.765670836 -0.117659084 -0.011549001 0.992986917 14.338206291
0.993593693 0.035261586 0.107369266 1.390676975 -0.034209289 0.999347031 -0.011627447 -0.699089706 -0.107709162 0.007879931 0.994151235 14.207819939
0.995579481 0.019275401 0.091923788 1.318329096 -0.018262718 0.999763072 -0.011845108 -0.595780790 -0.092130333 0.010113968 0.995695591 13.755437851
0.996722341 0.002856782 0.080848046 1.308272600 -0.002172771 0.999961138 -0.008547167 -0.526390612 -0.080869325 0.008343489 0.996689796 13.464180946
0.997598052 -0.007632839 0.068846546 1.269910216 0.008374969 0.999909818 -0.010497279 -0.538776159 -0.068760209 0.011048653 0.997572005 13.141543388
0.997916400 0.001759858 0.064496361 1.193432570 0.000393051 0.999443591 -0.033352438 -0.396054745 -0.064519174 0.033308294 0.997360408 12.711380959
0.999195755 0.016094258 0.036726009 1.085744619 -0.015350049 0.999672890 -0.020456620 -0.344265699 -0.037043232 0.019876420 0.999115944 12.263671875
0.999891162 0.003594573 0.014308685 1.026565790 -0.003596599 0.999993503 0.000115874 -0.347544074 -0.014308176 -0.000167324 0.999897599 11.633011818
0.999433994 0.023102980 0.024453495 0.964967608 -0.023171693 0.999728322 0.002530249 -0.387807876 -0.024388395 -0.003095446 0.999697745 11.185424805
0.999709666 0.023006937 0.007161628 0.837719083 -0.022960814 0.999715507 -0.006457378 -0.303194374 -0.007308154 0.006291066 0.999953508 10.135670662
0.999673903 0.021984724 0.012989706 0.791460752 -0.021809125 0.999670863 -0.013508764 -0.287508130 -0.013282417 0.013221066 0.999824405 9.544239998
0.999108672 0.039547712 0.014758016 0.705481827 -0.039496116 0.999212623 -0.003771288 -0.297622472 -0.014895541 0.003185042 0.999884009 8.538173676
0.999000371 0.041116260 0.017540367 0.645186007 -0.041180000 0.999146342 0.003287997 -0.279839694 -0.017390205 -0.004007022 0.999840736 7.932725906
0.999279797 0.035579700 0.013188140 0.613071203 -0.035463411 0.999330878 -0.008949197 -0.244298741 -0.013497726 0.008475055 0.999872983 7.274590015
0.999971688 0.007194451 -0.002211752 0.601290107 -0.007239826 0.999748111 -0.021242496 -0.210737631 0.002058367 0.021257907 0.999771893 6.270372391
0.999893963 -0.013651175 0.005074202 0.618198097 0.013657225 0.999906063 -0.001159621 -0.210727841 -0.005057895 0.001228797 0.999986470 5.089721203
0.999943674 0.002594516 0.010291279 0.472715586 -0.002674763 0.999966085 0.007791549 -0.090626657 -0.010270716 -0.007818637 0.999916673 4.333458900
0.999689341 0.014755655 0.020086449 0.407234699 -0.014916016 0.999857903 0.007857210 -0.070701346 -0.019967657 -0.008154378 0.999767363 3.492186069
0.999599516 0.018792208 0.021158757 0.373475969 -0.018742438 0.999821126 -0.002548005 0.114961155 -0.021202853 0.002150418 0.999772906 2.417454481
0.999498904 0.019418722 0.024997994 0.334034055 -0.019909380 0.999611020 0.019530991 0.205426574 -0.024609003 -0.020018900 0.999496698 1.513814926
0.999753535 0.004535747 0.021732047 0.320378125 -0.005025018 0.999733925 0.022512330 0.227443248 -0.021624155 -0.022615986 0.999510348 0.563132524
0.999659419 -0.003573471 0.025851468 0.274313420 0.003262846 0.999922097 0.012047948 0.402676523 -0.025892505 -0.011959495 0.999593198 -0.199580282
0.999604344 0.003880324 0.027859069 0.223598838 -0.004735840 0.999517143 0.030708726 0.458475143 -0.027726457 -0.030828513 0.999140024 -1.053323865
0.999657094 0.004735725 0.025753669 0.129979357 -0.005420472 0.999631882 0.026583847 0.698377013 -0.025618296 -0.026714329 0.999314785 -1.988226056
0.999595046 -0.014638979 0.024402680 0.070000231 0.013976788 0.999535322 0.027089141 0.647122800 -0.024787897 -0.026737101 0.999335110 -2.876587152
0.999113202 -0.000053812 0.042105418 -0.029465020 -0.001374837 0.999424279 0.033900578 0.720850766 -0.042082999 -0.033928398 0.998537898 -3.884508610
0.999346614 0.003361418 0.035987202 -0.106021807 -0.003554148 0.999979675 0.005292894 0.884017944 -0.035968680 -0.005417339 0.999338210 -5.139260769
0.999585152 -0.010095555 0.026973557 -0.166279316 0.010147838 0.999946892 -0.001802074 0.994968057 -0.026953932 0.002075050 0.999634504 -6.129855633
0.999777198 -0.001787496 0.021032725 -0.257687598 0.001654583 0.999978542 0.006335048 1.135261416 -0.021043599 -0.006298837 0.999758720 -7.341059685
0.999882698 0.000249925 0.015312627 -0.337493330 -0.000444799 0.999918938 0.012724269 1.162446022 -0.015308205 -0.012729589 0.999801815 -7.781897068
0.999957621 -0.000561111 0.009186058 -0.394062132 0.000659259 0.999942720 -0.010684900 1.202723742 -0.009179537 0.010690503 0.999900699 -8.339879990
0.999973834 0.000753339 0.007193546 -0.482720166 -0.000530102 0.999519706 -0.030984621 1.350968838 -0.007213433 0.030979998 0.999493957 -9.544014931
0.999760687 0.019328987 0.010247016 -0.509392738 -0.019148966 0.999665499 -0.017384443 1.383180976 -0.010579612 0.017184064 0.999796391 -9.837722778
0.999981880 0.004958196 0.003411359 -0.580753744 -0.004871225 0.999674380 -0.025047097 1.565530062 -0.003534436 0.025030028 0.999680459 -11.121805191
0.999987066 0.004209428 0.002845797 -0.640953779 -0.004169787 0.999896169 -0.013794972 1.690066457 -0.002903570 0.013782928 0.999900818 -12.398799896
0.999932289 0.011394687 0.002353483 -0.686387956 -0.011374122 0.999898553 -0.008574079 1.595680594 -0.002450943 0.008546730 0.999960482 -11.893969536
0.999961913 -0.001185097 0.008649199 -0.776010633 0.001259956 0.999961734 -0.008654671 1.779574513 -0.008638612 0.008665239 0.999925137 -13.111678123
0.999950647 -0.005348193 0.008375423 -0.845604718 0.005283926 0.999956548 0.007676685 1.946420431 -0.008416116 -0.007632051 0.999935448 -14.359155655
0.999839127 0.002486570 0.017764870 -0.758076549 -0.001954844 0.999551415 -0.029886205 1.688450336 -0.017831214 0.029846668 0.999395430 -13.509817123
0.999026120 -0.042763174 0.010870813 -0.796641111 0.042968370 0.998888016 -0.019400895 1.802614212 -0.010029082 0.019849099 0.999752700 -15.019499779
0.999727786 0.015321284 0.017596688 -0.828176260 -0.015221474 0.999867380 -0.005792108 1.657344222 -0.017683096 0.005522684 0.999828398 -14.708471298
0.999373972 0.032016955 0.015051390 -0.880677700 -0.031805851 0.999395132 -0.014061752 1.492076635 -0.015492500 0.013574227 0.999787867 -16.528884888
0.999779880 0.018630546 0.009650383 -0.981193960 -0.018596120 0.999820411 -0.003644972 1.338355422 -0.009716557 0.003464710 0.999946773 -17.486930847
0.999936461 0.010646308 0.003712283 -0.882280469 -0.010660857 0.999935508 0.003921650 1.399658203 -0.003670292 -0.003960977 0.999985397 -15.584510803
0.999831200 0.017886300 -0.004199145 -0.980669916 -0.017872624 0.999834895 0.003272075 1.135329008 0.004256977 -0.003196473 0.999985814 -17.060573578
0.999777734 0.015431161 -0.014363757 -0.909920752 -0.015493601 0.999870956 -0.004245894 0.870633721 0.014296385 0.004467496 0.999887824 -17.964109421
0.999971211 0.005674221 -0.005034898 -0.879239738 -0.005632919 0.999950707 0.008179547 1.007400036 0.005081062 -0.008150950 0.999953866 -16.137634277
0.999984443 0.001394256 -0.005403586 -0.834989250 -0.001303904 0.999859869 0.016688334 0.643961489 0.005426097 -0.016681029 0.999846160 -17.308422089
0.999935687 0.005342966 -0.010002499 -0.818967700 -0.005116962 0.999734044 0.022485591 0.127141669 0.010119978 -0.022432964 0.999697149 -20.209325790
0.999996006 0.000553087 0.002774253 -0.796570778 -0.000632312 0.999589622 0.028637942 0.554815948 -0.002757275 -0.028639581 0.999585986 -16.423467636
0.999710858 0.021484334 0.010798012 -0.817798018 -0.021749467 0.999449134 0.025067402 -0.124319948 -0.010253507 -0.025295006 0.999627471 -18.653680801
0.999937356 0.009571362 0.005805906 -0.759056032 -0.009669619 0.999806345 0.017138263 0.096366256 -0.005640745 -0.017193330 0.999836266 -16.473421097
0.999965072 -0.007365956 -0.003951753 -0.725788414 0.007431454 0.999830842 0.016824279 -0.355917603 0.003827158 -0.016853057 0.999850631 -17.986017227
0.999914527 -0.006319071 0.011446101 -0.750042558 0.006332160 0.999979317 -0.001107734 -0.261394441 -0.011438864 0.001180118 0.999933898 -16.487033844
0.999978364 -0.003124807 0.005790203 -0.740839899 0.003104811 0.999989212 0.003459175 -0.630349636 -0.005800949 -0.003441123 0.999977231 -17.625616074
0.999995530 -0.000753270 0.002901830 -0.746274114 0.000790826 0.999915659 -0.012963085 -1.028363824 -0.002891820 0.012965322 0.999911785 -18.322914124
0.999922574 0.010569655 0.006571442 -0.827700496 -0.010363500 0.999476433 -0.030651467 -0.775342941 -0.006891976 0.030580988 0.999508560 -16.335239410
0.999881566 0.006658935 0.013875679 -0.810658932 -0.006373750 0.999769628 -0.020496801 -1.134100556 -0.014008968 0.020405933 0.999693632 -17.179958344
0.999712765 0.013743476 0.019635746 -0.969042838 -0.013333009 0.999692976 -0.020884257 -1.021937013 -0.019916741 0.020616453 0.999589086 -16.292848587
0.999672592 0.002341348 0.025479157 -0.942525864 -0.002112312 0.999957144 -0.009012379 -1.621068597 -0.025499165 0.008955609 0.999634743 -17.371114731
0.999714136 0.001977919 0.023827091 -0.852185965 -0.001814476 0.999974668 -0.006879247 -1.334450006 -0.023840096 0.006834047 0.999692440 -16.103664398
0.999755502 -0.006834239 0.021028357 -0.845197618 0.006718697 0.999961972 0.005560319 -1.767575860 -0.021065557 -0.005417677 0.999763429 -16.730815887
0.999740958 -0.006058806 0.021939734 -0.804802716 0.006040198 0.999981344 0.000914289 -2.118291855 -0.021944864 -0.000781532 0.999758899 -17.263866425
0.999602318 -0.005693225 0.027617762 -0.902861655 0.005706639 0.999983609 -0.000406894 -1.790390611 -0.027614994 0.000564337 0.999618471 -16.149173737
0.999598980 -0.012881690 0.025218664 -0.862873197 0.012688336 0.999888957 0.007812146 -2.137752295 -0.025316497 -0.007489030 0.999651432 -16.621747971
0.999421358 -0.022074038 0.025879133 -0.811564684 0.021523276 0.999539912 0.021370951 -2.455559492 -0.026338968 -0.020801581 0.999436617 -17.158773422
0.999608397 -0.014448707 0.023963248 -0.873339057 0.014164916 0.999828041 0.011970545 -2.222085953 -0.024132086 -0.011626420 0.999641180 -16.289621353
0.999730170 -0.016624160 0.016222820 -0.836179614 0.016466200 0.999816179 0.009822262 -2.561963558 -0.016383123 -0.009552483 0.999820173 -16.767299652
0.999671102 -0.021591283 0.013839260 -0.889781058 0.021346595 0.999617338 0.017591136 -2.614720345 -0.014213780 -0.017289927 0.999749482 -16.837060928
